700 200
`topics 0.77536285 -7.704255 0.6369099 0.13260293 1.1477503
abstractive -0.16279025 -3.1027749 -2.6633997 1.9186282 0.5944619
accuracy 1.8247057 0.8843093 -1.041461 1.1601079 0.5902169
achieved -1.4556971 -0.36268646 -2.6286905 0.6979887 -0.08626052
activation -3.1938477 -3.5428746 1.1327503 -1.4897665 -1.9153335
adaptation 1.8898857 -1.4146796 5.0673156 5.513249 1.3684353
addition 0.57454973 0.047925595 -2.6531723 -1.1405439 1.6915579
aerial -0.6998539 3.5776107 1.1421783 4.131371 1.364812
algorithm -4.393482 0.9199261 -0.6291791 0.21684027 -3.701689
algorithms -3.8200254 1.0236288 -1.0449883 2.4441738 1.3162762
all -1.8902975 -1.455159 1.3376088 -1.9681431 0.26660502
allwordembeddingsfromone -1.657716 -0.62497824 1.250186 -1.4507068 -1.2203075
allwords -2.8459933 -2.0435317 2.1009548 0.74028975 2.5595772
alone -1.3882397 -0.097352654 -0.7630066 -1.1632707 0.5301335
also 0.79782903 -0.0794735 -1.4737608 -0.9401207 1.0055345
ambiguous -1.282028 -2.5412316 4.103929 0.42485198 0.69460326
amex -5.404457 3.6525066 -0.8379244 -2.8532767 -3.474884
an -1.4571896 0.29730317 0.42177185 -1.9898592 1.1173327
analysis -0.14862025 -0.2891601 -0.38012207 0.5620815 0.7125992
annotation 3.6502383 -0.8928972 -0.0688394 0.19624226 -3.3913426
annotations -0.8577164 3.9276779 2.7373056 1.5567516 -3.249493
answer 0.7193164 -2.8363554 -1.0724761 -0.25554276 1.5160905
answering -3.2216666 -4.1862173 -1.6274165 0.015133968 0.8425832
appearance -1.232648 0.7670276 -0.97369605 1.9416345 0.047135238
application 0.63612556 0.22242153 -0.7887364 0.21677145 0.44657138
approach 0.15665787 1.7198828 0.4584128 0.038519844 -0.089666344
approximated -5.835258 3.551504 -0.40708324 -2.2794952 -2.787308
architecture -2.390734 -0.574395 0.19271225 2.5906491 1.0650315
architectures -1.2317909 -0.1850783 -1.2179527 3.0527341 -0.11565433
area -7.3090806 5.409234 -0.50293267 -0.5043813 -1.4959073
areas -5.156762 5.731141 -2.4521718 -1.8679905 -1.2702827
arithmetic 0.52948976 -3.138597 1.6753007 -0.96875435 1.2257402
article -4.500283 -4.607485 1.0327177 -3.16993 0.7681093
artificial -1.1229247 -2.9304066 3.0384886 0.5197778 -0.42140996
as -5.3949714 0.30340382 0.39005205 -1.7749394 1.5365932
assessing -2.7671206 -1.710707 -1.3378835 -0.22973123 -0.22534297
assessment 0.9029173 1.1737897 7.9281497 0.80981463 0.48633662
assignment 1.0692573 -0.454095 0.8399231 -1.029979 1.3792726
atss -3.7667134 0.63782406 -1.996166 -0.058894057 7.4587607
attention 0.7906147 0.3225865 0.40599656 -1.4419096 -1.204413
attentionbased -4.752254 0.38621283 -0.4507929 2.4610412 1.2133449
attentions 0.8022125 -2.2567995 1.4238577 -1.0273929 -4.3525276
augmentation 0.5770869 0.5024067 -1.3344069 3.726928 -4.904369
auto 7.127915 1.5800912 5.434049 2.5252295 -1.3463295
autoencoding -4.1336894 -3.5481653 -3.5654578 2.0445864 -3.5545762
automated -1.764352 -0.032989774 -0.038681693 4.46108 0.5452311
automatic 0.7769818 -6.644746 -0.35039186 -0.68715 -1.9427142
automation 0.545691 0.51924115 -1.3111172 2.6822581 -0.83060145
autonomous 2.1605952 -0.002909892 0.8104871 6.2432327 -0.83314186
autoregressive -5.432754 -2.542746 -3.4052403 2.363453 -2.805918
average 7.750779 2.324154 -3.4673548 2.7967458 3.76073
awareness 2.717697 1.0546297 1.9022403 3.5499058 -5.5899467
background 0.12788913 0.6298758 2.67863 8.252523 0.65637696
backwardchaining 0.2555718 -5.73141 1.8906757 3.483494 -0.93621427
bagofsubwords -1.7645423 -0.63768446 5.5131946 -1.8129613 1.708894
bagofwords 0.5642664 -4.490454 0.64861387 0.26634362 0.9314696
balanced -0.49023214 0.75017244 -0.48052424 -1.6720192 -1.4394388
based 0.68317586 -0.5170075 -0.5003242 -0.865426 -0.05979969
batch 1.1041185 -2.9492948 -3.4373376 -2.5073366 -4.3110194
beauty -1.1584208 -1.0003476 1.8053085 4.6742487 2.1531963
behavioral -4.862558 -2.4343483 1.813191 -2.0057924 -5.10404
bert -0.5777312 -1.7429124 -1.4327805 -0.5530422 -0.24294516
bertweet -1.3140628 -1.2097638 -2.3941154 1.3548819 -1.7709707
better -5.577063 -2.7986789 -0.87936336 4.2963696 0.9276034
bias 0.3803781 -3.7920864 4.4106455 0.085916966 0.7696772
bidirectional -2.6927104 -1.821775 -2.2615888 1.5616696 -0.83174396
binary -0.3333831 -1.4564772 0.9493064 -0.23435701 1.7225739
blackbox -6.843279 -2.756387 -0.70506966 4.566357 0.5076036
bleu -2.8511581 -4.192977 -0.008383 -2.839198 -7.287356
boundaries -1.3734367 3.6218526 7.541745 2.3918998 -0.29420796
boundary -6.0752892 4.337767 -0.34503928 -1.9899988 -1.563631
bounding -5.493221 1.3938724 2.9454515 3.7823322 0.11918414
box -5.4281178 -0.07994621 3.2875724 5.9857435 0.32405102
boxes -5.470307 2.267191 3.406108 3.1138487 -0.42870867
bridging -4.343945 -1.4698119 -0.6574032 2.1126916 3.8877363
bug 2.0124366 -1.1140783 -2.476206 0.54441184 -1.8159428
building 0.0077636633 0.13059749 0.31982428 3.5483527 5.1410913
buildingdetectionandurbanfunctionalzoneportraying -1.009859 -0.8765464 1.6337806 4.428115 2.1772356
buildings -4.6161675 2.3684344 3.0768728 1.2624799 0.3176829
bvr -3.0763133 -1.012219 -0.7934871 1.4525555 4.1479263
calibration -3.3783205 -3.3176644 0.80064523 -0.7169751 -0.8200054
camvid -0.20984776 5.525063 -4.1927886 -3.5877578 0.5813577
can -5.811491 -1.4244598 0.23725723 -1.990004 1.350043
capsule -0.45007896 -0.09346461 1.9138268 -0.48755246 0.3373428
capturing 0.65288186 -2.6678896 -0.7969588 2.540351 -0.22702904
card 7.8178263 1.1112181 -3.0965755 -7.4048343 1.8896579
cars 2.3522103 2.3239808 7.545553 -0.08675844 -3.3323379
ccloss -1.852014 1.4845923 0.10516435 -2.400642 -3.6478417
ce 4.7822495 1.55814 2.6992748 -0.79366344 1.8756473
cell -4.988407 2.3019235 3.0338464 4.9289436 3.270789
center -0.46799597 0.8175647 -2.7602324 -0.67519104 6.1927667
centroid 0.28488153 2.82847 1.042819 0.91230124 -1.1453995
channel -1.3295755 1.2735204 1.3177568 -2.4033782 -2.9802775
channels -2.5745533 2.632764 0.19143541 -3.5754633 -6.1164293
characteristics 1.7355151 -2.359743 2.6648493 0.8666585 -0.023285782
cigs -1.3604108 0.8787825 6.9031 3.5596538 3.3528657
cityscapes 0.4880682 1.369333 -3.1428494 -2.8201473 0.97788644
class -1.5303829 3.9980166 7.4603944 2.459359 -0.20136943
classedbased -0.24728926 2.8510232 -1.5342134 0.016035123 -4.1392946
classes 0.5637054 2.1755273 -0.7324626 -0.32311568 -0.543601
classification -0.6137445 0.7529213 -0.26398686 0.07088203 0.27396137
classifier -4.9579663 -4.870906 1.1698992 -3.0433137 0.56220865
classifying -1.8749983 2.1001847 -2.7560334 2.8332727 -0.750725
climates 0.19997618 4.090658 1.4399816 4.24382 1.0204895
cluster -6.215645 -1.8699138 1.4532073 -3.2139723 -0.40297112
clustered 0.6309763 -3.374403 -1.2300663 0.28612033 2.8902776
clustering 1.4806744 -1.8247076 1.567207 1.7636539 1.2252681
clusters 1.7368447 -9.745555 1.4037063 0.55271786 -0.9524957
cnn -0.78605205 -1.4640477 0.15689394 4.358833 5.078793
cnns -1.4029379 0.8518148 0.67595696 0.13113461 0.5078491
code 1.270522 -2.9816277 -1.3983384 1.7307085 -1.3450189
cognifnn 1.3765972 -2.0872812 2.8982153 -0.68838936 -0.9302107
cognitive -0.51638687 -1.6218774 3.3208935 -0.48287594 -0.2807202
coherency 2.82911 -0.30643168 0.78373635 2.354928 -7.610003
colloquial -1.5317898 -3.857097 1.439671 -2.7791848 2.5940995
combined -1.9309675 0.2823621 -2.0089102 -1.154621 -0.12956734
commonsense -3.0009773 -2.637884 -2.515099 3.2252815 1.250245
compactness -1.4133006 -0.19985226 1.1225029 -2.9810932 -2.3596177
comparable -1.1867691 -0.23916914 -2.5345533 0.84479105 -0.35638207
completion 1.354183 -0.9128013 -1.6511829 0.5779175 -1.5044786
composition -0.9941067 -0.9415959 -1.128723 0.05985943 -0.2339215
comprehensive 0.2781875 0.36986578 0.5525333 3.295297 -0.049087454
computation -0.5461064 0.5780916 -0.6000023 -0.02832546 -0.47243914
computational 1.8408403 -0.44532028 -0.18553399 -0.29586226 0.24862415
conduct 0.84386045 -0.02895917 -1.3590916 -0.7225094 0.9066613
connection 0.32646447 -1.459256 0.029320924 0.969853 -7.727704
connections 0.6712939 -2.08347 3.3758886 -0.712255 -6.1627355
connectivity 0.9785279 0.059518967 -0.8913863 1.1473758 0.061336722
consistency -0.5714983 2.028033 -0.4910533 3.087776 -4.662861
consistent 0.97038007 0.17809542 1.7338257 -1.5509101 0.037127826
constraints -3.788326 0.028471744 1.1462588 -5.230386 -6.6698256
constructed -1.7334697 -0.6018752 1.5461937 -1.3128266 -1.4700481
construction 0.026576543 1.5989981 0.8707937 -1.0689687 0.44331154
context -1.1229454 1.8393134 1.2658852 -0.77718216 -0.63834804
contextindependent 0.9477942 -3.6291487 2.0644777 -2.1735668 -1.511227
contexts -0.91476256 -1.0816157 -2.6365862 1.3794787 -1.6385225
contextsensitive 0.48753154 -3.9376297 1.9773273 -2.2428763 -1.4321638
contextspecific -0.05712443 -2.003317 1.9272659 -1.4877753 -1.1276948
contextual 0.50281954 0.70565695 0.947983 -1.2442778 0.048765887
continuous 0.77537626 -3.403817 1.9375728 -1.2622547 0.83919954
control 0.8504721 0.99331814 -0.28489995 4.7793303 0.29781437
conventional -0.40926346 -1.4769467 1.4587568 -3.1727912 0.5487385
convlstms 2.5320675 -0.051394295 0.81054556 1.2259531 -5.070989
convolution 0.41130733 -1.0499622 -0.88328147 -2.5758708 -0.9288312
convolutional -0.02331936 0.6429262 0.3380459 0.5451284 -0.18878782
cooccurrence -0.82479763 1.6310582 2.418515 -0.16175197 0.43364942
copper -2.133512 0.7087424 6.1523876 1.630615 2.3226345
cornernet -3.0669336 -0.9804322 -4.888436 -3.1499686 6.638033
corpora 0.2755647 -1.7684313 0.29595393 -0.8687523 1.2091486
corpus 1.0009533 -6.850653 0.32892576 -0.08452375 0.45251843
correlation -0.86237425 1.6784861 1.3103 -1.7020334 -2.277956
correlations -2.5540285 3.716746 4.645809 -1.2104372 -3.8167048
corresponding 1.1573904 2.3840811 -0.5218464 -1.3144615 -3.9519758
corrosion 0.38437 1.0808824 -1.9131668 4.6470447 1.8865811
cosine -2.0538535 -2.817227 -1.226924 -0.093326464 3.880061
costs 0.6014594 1.9181993 1.9925169 0.22982866 -3.6833892
countryside 1.0695249 4.0957623 1.3143246 3.072783 0.9545227
coverage 1.1964731 7.5379896 -0.87089986 0.9982663 -2.111077
creation 0.8717225 -7.2496414 -0.14070757 -0.28731334 -2.143855
cross 2.0635915 1.3412304 0.38619602 -1.0236394 0.7422646
crossentropy -0.074125595 0.8530207 -0.7179481 -1.4594638 -1.1499906
crystalline -4.7169385 1.254056 3.543966 3.4819884 3.9092865
current -1.9798595 0.039638534 -1.7873561 -0.56053585 -0.15075722
data -0.46602827 1.1206362 -1.1223929 1.5880219 -0.733629
databases -3.3507195 4.5274076 -1.4938384 4.373862 -4.4576516
dataefficient 1.6788106 2.2704728 4.279335 0.40348017 -6.6759534
dataset 0.7388807 1.583718 -0.49950463 0.8478555 0.08425198
datasets -0.28250545 1.4690026 -1.1982741 -1.5073168 0.5515581
ddpnet 1.8221331 0.9293295 0.27097607 1.7006286 0.68475443
decoder -1.2111169 0.3151202 -0.16089387 1.4762853 0.9989918
decomposing -1.847916 -1.8100637 5.9914627 -0.17588031 -0.0318599
deep -0.53478175 0.361861 -0.65389585 0.8380713 0.0015504169
deeper -2.7444124 -2.9172487 -1.8414595 1.0168012 -5.7349024
deeplab 1.9000331 4.475971 -1.7176126 -6.7944508 -0.5317862
deeplearninglibraries 7.2918777 1.0386965 -4.5016136 -4.0543327 1.5301183
denoising -3.765712 -3.2467084 -3.758973 1.7714729 -3.6728895
dense 1.1670924 -0.9950438 0.4315723 2.890676 0.9360807
dependencie -0.4575442 -0.013172749 0.6358229 0.19499044 -0.14010933
dependencies 1.3654553 1.6206731 0.14675601 -2.0710971 -0.9003395
depth -0.8763105 -1.1673423 -1.5528238 2.3483224 -2.203142
depthwise 0.6441253 -0.8968259 -0.99020857 -2.095879 -0.67162997
descent -1.9436336 -3.4753747 2.8694146 -1.3610002 -2.7739935
designing 0.9475573 0.093594156 -1.1662588 6.996849 -5.220893
detected -4.2560873 2.6184866 3.3950496 0.4228536 -0.12276546
detection 0.048423257 0.4701987 -0.64180803 0.87364674 1.34452
detector -3.6480036 1.0814471 0.71536434 2.1509783 1.3091825
detectorencoderclassifier -2.029992 -1.1198549 1.4986241 4.00932 -1.7319165
detectors -4.402617 -2.0669346 -0.3240116 2.420622 4.201088
dimension 0.20266923 0.2596709 9.5198765 -2.037618 -0.20150913
disambiguation -2.4350345 -2.83118 3.2498875 1.4733841 1.9415711
discrepancy -0.7987957 -5.289084 -2.7588346 -1.80251 -0.63445234
discrete 0.71772575 0.15917945 1.5840236 -0.061895832 -0.21663819
diselenide -2.8054202 0.2580961 7.514556 2.27642 2.6537497
dissecting -4.3450255 -3.9981053 1.6589093 -2.4063065 -7.0362916
distance -0.27370813 0.8237949 1.5331606 -1.6056266 -0.2565183
distribution 0.23167181 1.5616789 -0.43803656 -0.4026086 -0.06477379
distributions 1.1327523 -1.5414984 5.7910285 -3.1869786 0.6484836
diverse -2.6686184 -0.97724235 -2.0924778 -0.44705817 -5.5017514
document -2.554584 -4.044349 -0.43582278 2.4190576 1.5322183
documents 1.2275494 -1.5468166 -0.7129153 0.32640043 0.89396405
domain 0.33900526 -0.16246384 0.14817975 0.64342344 0.8904432
domains -0.24783964 2.924484 1.4182916 3.358807 -1.9753966
dpm 0.8101982 0.015000357 -1.0620205 0.9262466 0.033738147
driving 2.227112 -0.17637323 0.8051441 6.2992463 -0.9084302
dualpath 1.6929137 -1.4693263 2.216763 4.5104785 0.76391655
dualpathmodule 0.79342514 0.0007528278 -1.0670496 0.9407332 0.036988955
during 0.44814947 -0.22076659 1.9005729 -0.857035 -0.8292901
dynamic -2.8469026 6.6840186 0.70892835 2.332378 -1.8743823
earth 0.22365299 2.8695745 -0.34987518 5.4175844 -2.455734
economic 0.99173504 0.98815024 8.002787 1.018007 0.34709135
edinburghnlp -0.95076317 -1.831475 -3.0652883 4.7838864 -5.9800935
eeg 2.7186217 -2.1279144 5.2165217 0.7327095 -0.38464215
efficiency 2.4640684 -1.2880652 -0.9688096 3.090041 0.94199055
efficientnets -10.11334 1.3101102 0.89358145 -1.7031155 1.6777412
eg -4.745301 0.0554694 3.1991131 4.681035 2.6045413
el -2.1372845 1.2810473 6.2879863 1.9273202 1.2353159
electra -5.46775 -8.095619 -2.6262305 4.665061 0.6043109
electroluminescence -0.77819073 0.11811392 3.6817453 2.539911 1.3623614
embedding 0.061799254 -0.5756052 1.2771093 -0.897843 0.59564346
embeddings 0.2859494 -1.4745469 0.7838989 -0.81425595 0.9546088
emojis -1.1824592 -5.2781196 0.57495594 -3.1540055 2.2481484
encoder -0.6696122 -0.45399356 -0.5864354 0.510737 0.32972097
encoderdecoder -1.5366342 0.04963838 -1.6479843 0.3315113 0.06639577
encoding -3.1054823 2.0241852 2.4796681 0.080796175 0.21513075
encodings 1.2527323 -2.8414438 2.0510159 -0.5883997 -7.3701453
enet -0.35486606 3.6090171 -1.8838369 -4.484249 1.9082993
enforcement -5.8821054 3.6392798 -0.6436789 5.804401 -0.17777167
engine -0.3527207 -4.3073473 7.9285846 -0.6488584 1.3582878
english -2.517679 -2.1703918 2.0211685 0.96113294 2.7100558
englishgerman -1.9881462 -2.0382264 -1.9149932 0.44053307 -6.1070604
ensemble -1.8068484 0.3802272 -0.23618846 0.029524434 -0.18129368
entropy 2.2130933 1.3496917 0.34567088 -1.0455899 0.7526093
environmental -5.004148 5.0712433 -0.07653835 5.6425986 0.28867352
erroneous 0.17880951 -5.920706 -0.8112374 0.6126714 4.5124674
error 3.1505136 -3.159906 4.9162006 -1.926149 -0.7761655
estimation 0.28021938 0.6948425 3.5398486 -0.30393642 0.76479864
euclidean -1.1167071 0.94239753 3.3288407 -3.4163013 -3.0764139
evaluation -0.2877176 -0.5174964 0.1342238 -0.4809443 0.5885753
evaluations -5.902846 -2.1035125 1.2064173 -3.4880285 -0.29201892
existing -0.9804255 0.941231 -0.9757818 -0.48623943 1.2881086
expanses -3.0020022 1.4274178 -0.78949624 1.4238232 1.1824491
experiment -1.6274977 -0.64040756 -0.2754424 -1.7445426 1.2228155
experiments 0.77408326 0.4131593 -1.3727142 -0.8260959 0.9557093
extensive 0.56750053 1.7902988 -6.4212575 -2.0268297 3.054806
extract 0.33588 -2.7737565 -0.5700562 2.6109946 -0.5552446
extraction 1.9920691 -0.48886836 -0.14845781 -0.058231045 0.22662787
extremely -0.40473455 1.2548493 1.2884572 -2.154257 -2.0544298
extrinsic -4.6603465 -3.2773783 0.8404488 -3.641329 -0.4154113
eyetracking 3.114489 -1.9917469 5.6049566 -0.27575603 -0.8530748
facilities -1.3282462 2.4589965 -3.0793192 2.0305395 -0.789186
facility -1.6990834 2.826166 0.3927728 0.57261527 1.6996249
fair 0.15626343 -3.5203102 11.1201105 -1.0880742 1.1729858
faster -3.235834 0.2817042 -3.8088639 0.36044267 4.5085983
fastfcn 2.74186 6.5204043 0.05297644 -4.840713 0.8491006
fasttext 1.6847723 -3.1690385 1.4401072 -0.56691796 -0.78768027
fcn 0.19232723 5.2948956 -2.0956898 -3.410349 1.428318
fcos -0.66042584 1.1369462 -2.9589016 -0.42534876 6.2270136
feature 0.9475528 1.1421782 -0.33564794 -0.6839186 -0.6171527
featureextraction -4.4552107 0.23415345 -0.70042247 2.4391048 1.1079984
features -3.2456722 -0.026687412 0.16416569 1.5544972 0.8683997
fee 0.05446824 -4.234906 5.5019193 0.3167813 0.9706267
feedforward 0.18516916 -1.0607326 0.6896958 -0.8736376 -1.5732237
ffn 0.9723144 -2.615355 1.6573356 -1.2147921 -4.4045596
filter -0.35319528 0.6583953 1.6154222 -1.8096254 0.27074325
finetuning -1.6627691 -0.79182667 0.8355572 -1.3456393 0.58492416
finite -2.7958689 -2.982953 4.004529 -4.1012335 -0.5701568
fixing 2.5439367 -0.38273364 -3.9995556 -0.102087416 -2.2959664
fmow -0.42485777 6.296827 -3.0115647 0.4531644 -0.76558477
fmri 3.1608992 -2.0424478 5.937553 0.24312991 -0.5438427
focus -2.6115894 7.207204 0.91125244 2.379289 -1.9357064
for 0.80409443 -0.34816945 0.42327356 0.7892437 0.5318947
formulation -3.7432084 -3.013968 -3.865802 0.90129185 -3.3030446
frame 2.0657032 -0.32899794 -1.1535293 2.488843 -5.0108867
frames 3.3330286 0.13577002 1.1056236 0.34489182 -4.011263
framework 0.6207207 -0.100707926 0.99411994 -0.92956406 -0.033680037
from -0.35847545 0.2676515 0.0432876 -1.1471314 0.119283184
fully -3.29637 0.7695463 3.354219 3.496526 -3.531837
function 0.7769741 0.3377663 -1.1023114 -0.5048777 -0.828782
functional -0.50243133 5.0241485 -2.7490807 0.4278164 -0.3167595
functions -0.22839652 0.2381595 -0.61313975 -0.6769296 0.14602928
fuzzy 1.4722961 -3.2280285 7.4943357 0.28477266 -1.7281183
gallium -2.903003 0.6967121 7.219648 2.2548015 2.4265063
gd -1.234862 -3.0657072 1.4920607 -1.2211363 -1.715863
gender 0.3629822 -2.0793228 3.4311805 -0.0032576644 1.4506243
general 1.501604 -2.0373547 2.1668012 0.64101994 1.0863872
generalization 1.1811427 -4.800325 2.2851412 4.9781165 -2.3634386
generalized -1.9661905 -1.8565792 -3.3136005 3.2192073 -3.0157366
generate -1.0203667 4.335068 2.9681172 1.8218584 -5.395462
generation -0.89826965 -4.013643 1.2782457 5.786155 -3.228453
gensim 2.2277608 -4.5693655 3.179971 0.65402913 -1.6273139
geographic -3.5772586 1.5380174 -0.94783074 1.6491053 1.0787934
glance -2.4323843 7.4689865 1.1243292 2.3067555 -1.9665405
global 0.8509658 1.884535 -0.21989274 -1.5319458 -2.254202
glove 1.4834179 -3.5462136 1.9508287 -1.1857712 -0.95255417
glue -4.5203285 -3.5663652 -2.6180794 -2.4112632 -2.7921906
gradient -1.4832829 -1.9093379 1.2287273 -1.3458426 -2.4598422
grambased -2.3440647 -4.381913 1.1681675 -1.990772 2.8544886
grammatical 0.5582825 -1.1065425 1.8985425 -0.33646318 1.3019528
graph 1.0179242 -9.976443 1.8878332 0.10241394 -0.61236024
graphbased 2.3780892 -5.0211124 2.155066 0.7872967 1.0106101
graphics 4.842235 1.7846044 -3.5690808 -6.5389433 2.614777
ground -2.960971 1.3254466 2.7772777 -4.694834 -0.30538207
growth 0.44446734 -0.038023725 1.9931796 -0.9600009 -0.82652503
guided 0.45685947 2.6133692 -2.2562075 -0.21348086 -3.2541504
handling 2.5396965 -3.2430303 -0.4773117 3.9063647 0.004502255
hashtag -1.1660761 -4.8696194 0.24351084 -3.0799005 2.717489
hcnet -1.4171784 2.1774786 3.7992325 -0.20206626 -1.4379865
heads 0.85727257 -2.4365163 2.5460074 -0.54569 -5.9644265
heterogeneous -2.429138 3.6092167 5.438407 -0.8552498 -4.3772197
hidden 0.84304607 -2.5130632 -1.1390564 -0.012658396 1.2806363
hierarchical -1.9689739 2.5804353 4.137632 -0.2872892 -2.6313224
hierarchically -0.2083825 -2.8710124 -1.598759 5.679519 -0.7718681
high -1.1906573 1.7704966 1.1323001 2.4979599 0.88061523
highresolution 0.48855174 1.85386 0.34334153 0.23867755 0.54733384
histopathology -1.6575202 4.0426254 1.9475322 4.7962255 -1.3237083
homogeneous -0.38801005 1.7800641 0.0074667092 -0.45380774 -0.78173494
hospital 1.1866105 4.5315895 -4.467502 2.4126425 4.713937
hsi -2.641371 0.56225765 -0.6517465 0.9250393 -0.65853536
hyperparameters 3.3475878 -8.33576 2.798564 -1.6912109 -3.8013856
hyperspectral -3.4145908 0.8913657 -0.75128865 0.8850464 -1.7183495
hypotheses 1.6679497 -0.9024176 1.607683 -1.2976881 0.49490863
hypothesis -3.5435348 -3.1469643 0.1848402 -2.2263715 -7.871109
iarpa -0.5620542 3.2119458 -3.3637 1.4401587 -0.36778125
identification -3.6937084 2.2212992 -0.7841823 0.70597124 0.9852921
image -0.588658 1.341508 -0.25504565 0.36334848 -0.57843363
imagegeneration -3.4430246 2.8982275 -5.133173 -0.17982247 -4.0373545
imagelevel -2.2137988 -1.226784 1.8288183 4.5766306 -2.1868622
imagenet -3.9625962 -1.1590374 -0.42976913 3.6834488 -1.3589833
imagery -1.9053304 2.2506533 -0.58229923 1.2520403 0.79178303
images -0.70878214 1.3178072 1.4708737 1.4267483 0.9578948
impede 2.0315585 0.6094588 4.8039694 -0.7920361 -5.204835
implications 1.3423434 -2.0867147 -0.92743623 1.2968414 -4.793189
importanceaware -1.0016549 2.140625 3.5731373 -1.7829735 -5.178437
importanceignored -2.6378646 1.2864654 4.6241393 -5.2382464 -0.9005917
improved -1.6721574 -2.1978722 -1.3977509 -1.7724481 -2.2492394
indium -2.2440076 0.66942614 6.70707 1.9230658 2.3273623
individual -2.489829 1.376589 -1.1455399 -1.7738463 0.1982381
inducing 1.2198664 -6.001735 -2.608077 1.7629994 -8.270939
inference -2.5560343 -3.1894403 -1.5734819 1.5060714 0.70085144
information 0.6918408 -0.8266286 -0.39096487 0.29072282 0.33400166
inner -3.3474839 -2.7729285 -0.7346962 1.040459 1.3019861
inpainting -1.6454798 0.8350162 -1.9307251 0.24423952 -1.8161926
inputs 1.4667461 -0.76746 0.47517493 0.8093613 0.026823826
inspection 1.3410167 0.47947624 -0.46822405 5.2465224 -0.4530806
interclass -0.9773382 0.97861034 0.9641251 -2.5851483 -2.584978
intersectionover 4.8749485 1.604269 2.7096472 -0.79072875 1.8401523
into -5.8841915 -2.4519536 -3.696743 1.6449729 -1.9935777
intraclass -1.3042362 0.75082105 0.712674 -3.0252512 -2.7477047
intrinsic -5.858464 -2.2921994 1.21788 -3.8426461 -1.3569472
iphone 5.7744713 2.539985 -4.745407 1.306237 2.274924
ir 2.4772382 -4.62962 0.9102805 3.0202298 -1.0152639
isprs -0.45967194 3.0047994 -7.333796 -5.441011 5.3800898
ka 2.3305342 0.5697748 1.4187794 -4.6227217 -5.778029
keras 6.183375 3.9812212 -5.1012573 -3.538752 1.6335651
kernel 0.72084635 1.0782926 0.104408726 -1.7227823 -5.455223
key 0.16929547 1.3253218 7.8689427 -6.261362 -0.5756959
labeled -0.98654634 2.0413945 -0.62633413 4.1708846 -0.6284659
labeling 0.6172386 1.9307193 2.0453904 0.2421093 -3.7279692
labels -0.013176884 2.3387127 -0.59213763 3.468747 -5.8321624
landscapes 0.75483775 3.9168198 1.3963383 3.6496494 1.1199346
language 0.06083818 -1.5005203 -0.7129886 0.064293735 0.07398296
languages -3.4450245 -3.1630175 3.988471 -2.5160131 3.0195506
large -3.625479 3.858849 -1.8997728 4.433601 -4.2469993
largescale 0.5146235 1.9062747 -0.28702044 2.94294 -1.8394004
latency 4.6493154 1.0182896 -2.9441977 1.4762214 7.624893
latent -2.2667868 -1.5080515 -1.3794982 1.9766185 0.32988393
law -6.0470066 3.09056 -0.66505176 5.673783 -0.16894977
layer 1.5157661 -2.3747516 -3.1644158 -2.3475342 -4.0350146
layers 1.137696 -1.5955074 6.0387664 -3.1887968 0.6513612
learnable -0.07416369 0.5188609 8.347751 -2.6277997 0.0076832143
learned -0.25654837 -3.7547946 1.1730961 5.1605687 2.004929
learning -0.54988444 0.96459264 -1.1243529 1.0908184 -0.6555691
learningbased 0.32158804 2.8468342 0.24750641 0.05067554 -0.86408514
less -0.63637227 -0.07569152 -3.3707943 1.4061044 -0.9890133
leveraging -0.9614199 -1.8683652 -3.0813904 4.868026 -5.998447
lidar 2.4388163 -2.2175741 6.582409 7.2602386 0.7996024
lightweight -2.4603026 0.6546942 -0.046570458 -0.45230636 -1.5984476
lightweighted -9.828002 1.5420179 -0.37334898 -2.037837 0.6240552
likelihood -2.0097814 -1.6317184 8.993322 -2.6692064 4.8038216
linguistic 0.9147839 -0.19160417 0.367414 -0.5018254 1.0697417
linguistics 1.4909425 -2.0120482 2.3373384 0.46503547 1.1104202
links 2.716013 -0.091061175 0.9736747 0.7482099 -4.588058
linux 6.318306 0.78887355 -5.8392687 -4.668471 1.7311618
litedepthwisenet 0.1862343 -0.20535636 -0.7154891 -1.1801896 -0.16505775
literature -0.5508609 -4.158706 1.4848198 -3.2014291 2.9339154
local -1.794206 0.47610041 0.8616103 -0.17491986 -2.022093
localization -4.2851434 0.07684307 -0.6024448 2.341044 0.96044046
logical -1.881265 -2.3340926 0.6787189 0.8477422 0.91210485
long 0.8334973 -1.0080084 -0.56141484 1.7707399 0.37666526
loss -0.055838864 1.3600817 -0.38906646 -0.9797471 -0.4283875
losses 2.8287084 1.9299252 8.68809 3.2093914 -1.4219344
lottery -4.011112 -2.9699783 1.3311136 -1.9589443 -7.1094136
lowdata -2.4698486 2.661302 -0.5360516 2.3894467 -5.058997
lowresource 0.9787496 -3.3069398 -0.7176798 -0.39194956 -3.8990824
lstm -2.423532 -2.671709 -0.27108064 7.1807504 0.072705366
lstms 1.5063684 -0.12987822 0.14444762 1.0379707 -1.5796365
machine -0.06355911 -0.027462736 -0.9221903 0.55966514 -1.4824519
mainstream 2.834037 2.3233964 7.646258 3.283081 -1.317927
manet 1.4596819 1.9937059 0.36343962 -3.1604471 -0.08336302
manner -2.7794173 2.489892 -0.19925416 3.7715874 -1.966987
manual -4.000909 2.0710332 -0.75880796 0.93587714 0.8557069
manytoone -4.1483784 -0.2565748 -1.4159307 -0.10637731 -8.911798
map -0.8050687 2.194467 -2.1527977 0.22540332 -1.2826273
maps 1.2848245 1.9351289 0.09198751 -0.68811727 -1.5571753
mask -8.858782 6.0062585 -0.4468478 -0.24178937 -1.6611868
masked -1.8642942 -2.4878683 -2.145642 0.67766 -6.214944
masks -0.83435553 -5.319182 -2.799455 -1.7430933 -0.7172248
mass -1.6262034 0.8710372 -0.66158116 5.527763 -0.3547641
matching -6.2827687 -6.153536 6.3267407 2.867339 2.407119
matrix -0.041383658 0.58252156 1.7115829 -2.360256 -0.30777335
max 5.8028903 2.5928252 -4.7522416 1.2872138 2.2844772
maximum 1.4588596 -4.9749074 -2.3508782 3.2114522 -8.234604
mean 2.9074202 0.19339602 1.6910938 -0.77693313 0.3103856
meaningful 0.8046657 -3.2263765 -0.6599191 3.075967 1.4932215
measuring -0.21562251 -4.682712 2.7771525 7.7787786 -5.6262136
mechanism 0.71501404 0.6849947 -0.04277839 -2.5217166 -2.5167155
mechanisms 2.57927 1.0543077 3.2308857 -3.9134922 -2.3970544
memory -0.99379385 -2.441548 -0.4838854 9.848414 -0.9304135
metadata -4.3229594 0.91304386 2.121311 5.9302864 -0.36362454
methodologies -8.676809 0.1649691 -1.2820643 -0.85662854 -1.8958288
methods 2.2482362 2.5625107 5.4793506 0.00857756 -8.235266
metric 3.8985858 0.3819514 7.2509604 2.2874253 -1.7524358
metrics -2.4714706 1.3696717 -1.1420391 -1.775864 0.21082483
mex -5.214306 4.122457 -1.5766401 -1.4200565 -1.1479764
mexgan -2.5956125 2.2991452 -1.8096508 0.38289186 -3.9825068
minifrance -0.5138735 1.5839175 -0.4864845 2.4695687 -0.082798086
mining -3.974625 -7.8481526 -1.9283564 -1.3215672 1.8816835
miou 3.6778371 1.471796 -0.56800526 -0.065154456 1.0965083
mobilenets -9.408913 1.3645352 0.8793852 -1.5647874 1.7636963
model -0.86567974 -0.22786227 -0.9280704 -0.36922133 0.09923058
modeling -0.09678919 -0.74187744 -1.1634117 0.14705397 -1.174959
modelling 1.5412885 -5.7549148 2.1991143 1.3698239 1.5590801
models 0.28774804 -0.38552195 -0.37424785 0.0031218694 0.32549623
modifications 1.5210766 -2.0109682 -1.6070925 2.847502 -1.4889416
module -1.5647417 2.4431078 2.6551752 -2.5311708 -3.4408383
modules -1.722286 0.48878038 2.8856275 2.2583332 1.9651185
monitoring -4.7040095 7.6049438 -0.92986554 5.622127 0.7390317
morphemelike 0.23741871 -1.1992801 2.1098104 -0.967595 -1.1404173
multiattentionnetwork 0.9104915 1.8298796 2.092493 -0.8235529 -0.75749505
multiclass -0.79176253 -1.4180889 0.1142621 4.3622055 5.0556946
multiembeddings -3.2665274 -4.427254 2.085655 -0.33140928 -0.0889282
multiexpansion -5.480242 4.7355566 -2.9373658 1.2701569 -2.9728935
multihead 0.7033721 -2.2238407 1.6159755 -0.6851723 -4.186571
multihop -0.23952192 -3.5717685 -3.192945 2.4076664 0.96310645
multilingual -2.9962842 -0.67576176 -0.48896438 0.73659027 -6.8928695
multiple 1.3572493 -1.2368605 2.0303407 -0.80194396 -0.7794064
multiplying -0.11752359 0.8391593 8.487805 -2.457925 -0.104733944
multiscale 0.5698491 0.8377499 -1.4441675 0.14637052 -0.7017723
multispectral -2.5979 3.9000833 0.7500931 1.006075 1.44512
multistage -0.009494431 -2.6052933 1.0009667 4.945408 1.2900293
multitask -3.100904 1.1528149 -1.166189 7.312009 -1.6595136
multiunit -0.973027 -1.8115588 -0.2650533 2.3667004 -6.107408
mute -0.0745205 -1.7264634 -0.85102963 2.3912575 -5.5844126
naming 1.7176815 -1.1950021 -2.104086 0.9084939 -1.9848814
natural 0.068502314 -1.8462728 -0.6618615 0.10283735 0.14808862
network 0.17263919 0.26306388 0.38309556 0.17361818 0.62595904
networkbased -0.3208123 -0.16643724 0.6162145 -0.162783 -0.03809396
networks -0.1363045 0.2952115 0.8569491 0.2979866 0.11502769
neural -0.3110813 -0.010270472 0.6284165 0.38298848 0.35860756
neurons -2.7165437 -1.7423017 3.3261597 6.325841 1.2798814
news -4.143051 -3.6866133 1.1857092 -2.7857506 0.66359514
newsphnli -4.987202 -7.728072 -2.3294756 4.31371 0.48983073
nli -4.1066127 -6.8031454 -2.2831585 3.895864 0.16337746
nlp 0.8441487 -1.3015131 -0.5977051 0.30304694 0.12983982
nmt -3.131433 -4.3882365 0.23461671 -2.9462094 -7.5912256
noises 2.1215641 -0.37183818 -1.1489985 2.5829284 -5.2074575
noisylstm 2.5064948 -0.07978386 1.5601469 2.9977531 -5.9612308
nonlinear 2.2519622 -3.3267286 6.0442753 1.1336483 -1.1674792
nonstationary 2.4456336 -3.4474843 5.533895 1.5174447 -0.903272
norm 0.37321615 0.43679583 3.5703833 -1.2043078 -1.11935
normalization 0.47005093 -2.4157631 -0.5360658 -1.9757046 -3.9565518
novel 0.28865373 1.4207013 -0.44662404 0.6973318 -1.0748858
nvidiatitanx 4.992474 1.1823303 -3.980925 -5.97087 3.1510887
nword 0.20936644 -2.1939795 2.5802965 -0.70853007 0.7172767
object -1.2522762 0.8814141 -0.52706975 0.55760133 1.7747271
objective -0.6523416 -4.4982195 -0.8803752 0.18998879 4.833186
objects -1.5097103 1.9516418 -1.6255857 1.0305274 0.35192385
observation 0.17475691 2.8030279 -0.35134307 4.124183 -2.3476653
of -0.0668726 0.2430216 0.40955964 -0.27673355 1.0007622
on 0.6502173 -0.17042401 -0.39151508 -0.93137735 0.90894
one -0.97246593 -1.0833504 1.3591437 -1.0282204 -0.03249663
onetomany -3.8485992 -0.9959325 -1.7292516 -0.037782747 -6.600527
onlstm -4.6490884 -3.2096143 0.6258365 5.2947354 0.6202538
open -1.031492 -4.665569 -1.3735926 2.666762 0.9554359
operations 0.48921546 -1.3765321 1.3181412 -0.9143024 0.38369977
opinion -4.4891453 -8.503235 -1.6875445 -0.6657225 1.9587867
optimization -2.9112713 1.0247619 2.2166398 -3.4902759 0.4053623
optimized -1.8562187 -6.8377275 -3.8604305 -1.2452397 -3.9367611
ordered -2.7377849 -1.9306115 3.8302999 6.0959644 1.2479563
original 0.40838325 -0.15557857 -1.1480181 -1.2187724 -1.3505857
outperforms -4.2787137 -5.209469 -2.9910474 0.5116032 -0.47828037
output 1.2429532 3.0341702 1.0090345 0.009281106 -1.4793673
outputs 0.58339006 -0.48003298 -0.8495407 8.133926 -5.0898046
overfitting 1.675498 -0.31637022 -0.5297633 -0.93201023 -0.9229314
pairs -2.863894 -1.0448413 -1.8550725 -0.50221556 -4.7250094
parallel 1.21287 -3.7064872 2.7631905 -2.034641 -5.302874
parameter 0.68485725 0.73186636 4.5911894 -1.5966455 -0.111429855
parameters -0.56657606 -0.16046005 -3.2251146 1.5307332 -1.1395056
paraphrase -1.973595 -2.2941163 -2.23588 2.276534 0.7598597
parsing -4.583457 -3.9912982 0.69016165 2.89565 0.9186272
partitioning 1.4904282 -9.992965 1.4627135 0.68157667 -0.903469
pascal 0.5344366 1.7313536 -6.4166555 -2.0563262 3.1645658
patterns -1.2361566 1.3884317 2.2827752 -0.74363095 0.17940666
pbos -2.2479768 -0.56141156 3.2124012 -1.6653085 2.3039463
peak -1.6006442 0.33897126 -0.54814094 4.5859194 0.18589705
perform -0.37233517 -4.5529947 0.82223296 5.48697 2.3374681
performance 0.26626918 1.2813929 0.04379937 -0.35317326 -0.33487388
performances -2.0345948 1.5005168 -2.7528415 -2.605904 0.43867034
perspective -0.23234786 0.57994455 1.1642693 -1.4232525 1.1236169
phenomenon 0.484801 -0.0065456284 -0.8568314 -1.7185607 -1.1412314
photovoltaic -0.67120326 0.6216831 1.6472951 2.0683622 1.1509465
phrasal -1.9486103 -1.2392403 -1.0927091 0.22001165 0.11318851
pixel -3.614405 4.2617598 3.0571218 -2.2638724 -3.4653037
pixellevel -1.1066239 2.1294909 2.0533879 -2.1533902 -1.1690134
pixels -1.5885297 3.7497318 3.7618585 -0.71360904 -3.9193835
points -1.7629232 0.2648445 -1.9465141 -1.3780258 7.956271
pointwise 4.2129464 -3.022538 -1.2968123 -5.692525 -0.25819057
pos -5.189887 -2.150978 2.7188616 -1.644521 3.1677232
positional 1.0353676 -2.7578595 1.9658647 -0.6621567 -7.050007
postbert -0.5261265 -1.4312161 -0.81973916 -0.6737281 -1.6545205
posterior 1.1254388 -1.5569284 5.9265122 -3.1589518 0.6507358
posteriors -3.6933534 -1.2135447 -0.0076507153 0.97467005 -5.35229
power 1.4905825 -2.0268164 -0.7935346 1.1478076 -4.36399
predefined -2.6528456 1.1848797 2.9126391 -3.8299835 0.07188586
predictions 0.2912278 -2.7504268 -0.8854726 0.7124573 2.2417736
presegmentation 0.13702556 2.4804235 -1.8387097 0.06586398 -3.5161564
presented -0.82465005 1.8416167 2.4802036 6.805985 0.86442506
pretrain -2.7087908 -1.516801 -1.5278307 1.4465522 -0.051821228
pretrained -0.88330626 -1.9467447 -0.30294335 -0.2706861 0.5059144
pretrainfinetune -0.7955928 -5.332066 -2.7957695 -1.7784959 -0.6939671
pretraining -1.9751068 -2.3574128 -2.674533 1.9989557 -1.136388
previous 1.7946197 -0.6707548 0.33154336 -1.6403804 1.4128382
prior 0.7706393 1.3505621 8.803968 -3.2539542 -1.0523852
priori -2.7043052 1.8779986 5.2695093 -4.858946 -0.64278257
probabilistic -0.016332574 -1.199072 4.960571 -2.3800235 1.1729624
probability -1.6742756 -2.907896 -1.0055777 0.34483495 4.1178684
problems 0.09126023 -0.0916295 0.91635746 3.2547915 0.9074068
process 1.2514617 0.38017896 -1.1129274 3.1441483 -0.1836452
processing 0.77447474 -2.775723 -0.1906751 0.03562709 -0.25375164
productivity 1.0161248 0.43104437 -1.1680032 3.726419 -1.0082163
programming 1.2121911 -3.646937 -1.9057928 4.694086 -1.8367908
proof 0.43492758 -3.9876459 1.4363782 5.6191063 -3.7366724
pseudo 0.0768929 2.7033195 -0.59817576 4.455646 -6.185998
pseudolabeling 0.09958456 1.5594869 -1.3463761 3.1296198 -4.602178
pseudoseg 0.84006137 2.9309847 0.55783755 3.752735 -6.64917
pspnet 2.8282259 5.031706 0.254473 -6.2905307 0.9807629
python 6.9411335 1.8284254 -4.06991 -3.341755 6.086045
qa -0.27433297 -3.1792004 -2.4148257 0.8862325 0.8080907
qknorm 0.6037082 -2.0621824 -0.2625291 -1.8347591 -6.6871147
qualities 0.7426251 -1.41137 2.3201866 -0.023655409 0.06139469
quality 1.3323046 0.14781861 -0.66094786 2.0932412 0.8213498
query 2.3328078 -1.0614585 -0.9428296 2.779897 1.0940915
querykey 0.5173769 -4.732651 -0.7850935 -1.0385425 -5.3214955
question -3.2955935 -4.0486636 -1.8014178 0.01577392 0.76571214
questions -0.5851947 -3.49249 -0.7659067 0.8137353 1.9566518
race -3.4131808 -2.9339275 -2.6126075 -2.540442 -2.1745424
ranking -0.19508307 -2.5565403 -0.2715955 2.0890846 1.0743502
rankings -3.8636882 0.20906317 6.976356 -1.4971848 6.395552
ransformerxl -5.773368 -2.4021325 -3.6794877 1.6226932 -1.9288956
raw -1.6159194 3.7295241 -1.3744156 3.964473 -3.1621158
rcnn -2.0229325 0.29723525 -3.932007 0.24275659 5.5590925
readonce 0.29655927 -2.54542 -1.4839469 1.5314862 0.19462338
realtime 1.617888 -0.5357878 1.198215 4.336559 0.4171886
reasoning -3.7512271 -2.5673223 -3.5132768 2.8391712 2.0926244
recognition -2.016653 3.0051715 0.30535707 0.81812835 1.6637732
reconition -1.4858825 2.8203006 0.049974684 0.14566201 2.125579
reconstruction -1.3013691 -1.0119903 0.14271744 -1.7761574 1.082752
recurrent -2.3342223 -1.0935456 1.3240788 5.955613 1.1236415
reducing -2.6394627 4.6369677 0.57299244 1.7971133 -1.6608309
redundancy -1.9506191 3.2496352 0.46706375 1.4851784 -1.3606851
redundant -0.1813613 2.5181398 2.6308837 -4.1896567 -3.5847313
regime -2.7253342 2.4953096 -0.348795 2.22824 -4.613904
region -4.1516466 3.9607189 3.033105 -2.6046066 -3.736607
regions -0.54288954 2.089284 -0.33167803 0.02034454 -3.104473
regnets -8.541023 2.325247 -0.2725861 -3.8675432 2.572507
regularization -1.5254794 2.333386 -0.83977103 3.0907164 -4.260055
regularizer 3.0034318 -0.5078534 0.29860115 -0.11331218 -3.1015294
reinforcement -1.8938469 0.58888006 -1.256674 -0.75582314 -2.865875
relational -4.523087 -1.8308604 1.5410893 -3.0879498 0.40849644
relationnet -1.5567863 0.20683321 -1.2643228 0.35550132 2.09411
relu 1.1522007 -2.4276285 -0.39645115 -0.9105974 -2.62334
remain 2.9576716 -0.048197962 3.1308284 -4.6931787 -2.1979587
remarkably 2.9874704 -0.03981808 3.121147 -4.6990623 -2.2407396
remote 0.07346069 1.9471359 3.4906168 0.6538902 -0.12635365
reppoints -3.0855508 1.2174394 -2.2912688 -2.3964972 6.4712577
representation -1.5428456 -1.0343127 -0.7765945 -0.5839829 0.41894078
representations -0.09721028 -0.88464886 -0.822291 0.30696377 1.0630386
representativeness -1.0878248 0.5747835 -0.8405781 1.4181639 0.41344294
reranking 0.34375146 -3.3149962 1.3901805 6.0402694 1.0280129
research -0.76027596 -5.4971156 -0.82454854 2.6257257 1.3250352
residual 0.54230803 -1.6898415 1.4073524 -0.30458632 -6.9996886
resolution -0.93693584 1.980504 1.0322355 2.299815 1.0574114
restricted 1.5010737 7.8025837 -0.92813367 0.76188105 -1.9671814
result 2.2779877 -1.7802465 -0.83213145 3.659715 0.7012346
results -4.379216 -3.4511287 -2.365923 -2.4406471 -2.8056898
retinanet -2.548446 -0.08801821 -2.775152 0.16254453 3.5981522
retrieval 2.3128057 -4.861878 1.068509 3.0326269 -1.1136965
rnn -2.3169053 -1.7784088 1.7863278 5.499027 1.5158005
road 2.2007442 -0.15873587 0.4784221 5.333703 -0.31725383
roberta -0.78266543 -1.7629606 -1.8859599 -0.24475083 -0.8135863
robotics 2.3081095 2.942625 6.6339116 -0.038784068 -3.0352197
robust 0.11780412 0.17634787 3.397131 -0.9852492 0.6068276
robustly -1.8664408 -6.9520993 -3.9258072 -1.249911 -4.0201306
sacrificing 6.329678 2.668009 -3.473925 2.6301372 1.9015586
safedriving 0.060107555 2.3658311 1.0982715 -0.32736254 -1.5340871
satellite -0.92176807 1.9315507 0.42978123 1.462451 0.20552045
scene -0.7478056 3.0042982 2.2703445 3.1405187 -0.16924572
scenes 1.7434422 7.009794 -1.1395758 0.15197739 0.5471465
scityscapes 3.4367468 2.6041353 -0.06895038 2.0480928 0.9289027
scores -0.9167969 -0.26501328 -2.6787937 0.92260903 -0.55364215
search -0.56726074 -8.736244 -1.0106603 2.4558027 0.52674884
searching 3.599184 0.39522195 6.910207 3.0297356 -1.1833978
segloss 4.1449723 -0.12402486 6.9879885 2.926573 -1.2744148
segmentation 0.90957963 1.1936395 0.5559575 0.7149237 0.09478742
segmentationmap 2.3055906 -1.5047406 1.8714097 2.5600464 -0.80422443
segmentations -3.243683 0.112623565 9.331191 -2.0130274 2.1601226
segnet -0.34380236 3.5126293 -1.8862506 -4.5088115 1.9091461
selected -1.7874662 0.624013 -0.8376157 -0.82647645 -3.173818
selfattention -0.5579492 1.0806525 0.79485035 -1.5582882 -2.3288906
selfdriving 1.2705799 1.5163878 2.4508414 -0.31649226 -0.97556555
selfsupervised -0.8844198 -5.551966 -2.1982825 2.2386343 -1.2943379
semantic 1.0060607 0.94600356 0.6040003 0.5953926 0.17630154
semanticeditingsegmentation -2.6308982 1.9100753 -2.437655 0.46669877 -2.343903
semantics 2.001271 8.626178 0.6913052 2.7218664 0.8602712
semanticsegmentation -3.8362696 2.6743474 -4.0823965 -0.75352716 -4.9269342
semidiscretized -3.4632177 -3.4728737 1.7445675 -1.961303 -2.621215
semisupervised -0.29810202 1.2906219 -0.8235401 2.1014557 -0.7832739
sense -1.5164222 -1.7031672 3.0853553 0.44370458 1.5756018
sensing -0.37268788 1.9100829 4.8234377 0.9982639 -0.026151337
sentencebysentence 2.179438 -1.856113 -0.6805132 3.067331 0.8069375
sentiment -0.68483967 -1.5797868 -0.6783274 0.08488561 1.0350398
separability -2.3198113 -0.59495324 1.5392989 -3.8448546 -2.9989429
sequence 0.47440583 -0.38839856 -0.9362448 0.36979553 -1.8856754
server 6.1849046 0.43575907 -3.846936 -4.9113455 3.8571188
shared -0.69072616 -3.4484787 6.0412364 -4.1332593 -0.3646428
short -0.43983158 -0.8665597 -2.2533126 2.3183064 -0.40323922
silicon -4.5063267 1.3789868 3.8086336 4.34918 4.0065317
similarity -0.5594265 -0.16937615 -0.10508812 -0.37671885 1.2920403
size -0.95585287 -2.5816255 6.0754976 -4.3539443 -0.5580293
skip -2.82141 -4.7131567 1.4039514 -1.6620818 2.94989
skipgram -0.051282905 -0.0516243 -0.035262644 0.078861706 0.055026107
softmax 1.5152837 -0.284736 -0.95002484 -1.7811097 -7.8901014
solar -4.9887695 0.8531781 2.4914253 5.74421 2.6294515
solution 0.99050254 1.3021511 -0.045249984 5.8478675 -0.871536
source 1.7267838 -6.64966 -1.2339205 4.462897 -2.368832
space 0.5133245 -5.1437087 -0.9454169 0.48324022 4.218328
span 0.60490555 -2.979755 -1.1311295 -0.2810204 1.6221491
spanning 1.4591238 -4.8735023 -2.6904366 2.592159 -7.9075527
sparse -3.9928255 -2.0505216 0.9859224 -1.9930271 -5.497355
sparsity 3.471927 -0.07020246 2.739693 -6.493138 -1.6010996
spatial -2.2942176 3.777604 0.30802196 1.5392468 -1.3530499
spectrometry -1.044674 0.3037357 -0.84850943 4.039166 -0.3078134
spoils 5.381731 0.5426033 -0.40660492 3.101198 -6.008319
squad -1.9817433 -1.780737 -1.6486604 -2.3309221 -1.9988619
square 3.3983436 -2.832363 4.5516806 -1.6738617 -0.85712504
ss 1.965942 1.9888519 5.0044694 -0.46203116 -3.1040688
ssl -0.11530847 1.5385878 -0.6641483 5.5854497 -5.1687837
stack -0.029514212 -0.7755336 -0.11703642 0.030580552 -0.8708221
standard 0.07006686 -0.89931315 -1.0431798 -3.4201405 -0.52615607
stateoftheart -1.1412319 0.026872944 -1.2167873 -0.88781184 0.03301124
sterilization 2.1316276 3.657225 -1.605257 6.195188 3.2370276
strategically -0.9437447 0.4720185 -0.383843 -0.8551161 -2.110208
strategies 0.38661578 0.6795641 -1.340645 7.594364 -7.2221546
strategy 5.703283 2.5357208 1.0269684 3.161907 -5.969697
street -5.420531 2.9161344 2.449387 2.0620148 0.02476976
structural -4.9686947 -2.5399344 1.5371052 -2.5398726 -5.167368
structure 0.56290627 1.2366849 -0.93646383 -0.014662165 0.7176902
structured 0.68598837 -2.0139458 -1.3021679 4.742466 -1.3530421
study -4.4174724 -2.076411 1.6565242 -1.7163352 -5.0765533
subjective -1.4605615 -2.6636565 -1.7020371 -0.2980633 2.9167829
subjectivity -3.1343637 -2.0046732 -0.36597165 0.6642528 1.0184531
subjqa -2.5598514 -9.568155 -2.1840694 0.3520856 1.1309584
subword -2.4360135 0.76381576 6.595448 -1.0937182 1.7732888
subwordbased -1.2041457 0.1820647 5.141007 -0.693154 1.5073125
subwordlevel -3.7870455 -2.2464998 2.2038789 -1.4930634 3.287292
such -9.7069435 1.643228 -0.21247445 -1.6535363 1.1261452
sufficiently -2.3473887 -0.82082665 -0.5306567 -2.2534761 1.5694703
suite 0.050311815 3.356487 -0.011334202 6.42061 -2.110276
summarization 0.09014684 -0.8716862 -2.1781945 0.75565755 0.10892741
superior 0.25058833 2.2372618 1.1951275 -0.47877955 -1.3418987
supervised 0.34076265 2.4164448 1.1574872 2.496246 -0.416865
supervision -1.0211825 4.3323164 2.9732494 1.8317521 -5.4186954
surface 1.1854868 7.5410256 -0.8590026 1.0181783 -2.1602454
surgery 1.1025779 2.971691 -3.1600838 2.5942068 3.1906662
surrogate 2.9938042 1.5898262 7.252841 3.248106 -1.1656351
surrogates 3.825715 0.5902462 7.0466304 2.3897529 -1.5894841
swedish -0.20828708 -3.3803105 4.2378364 -0.50046664 2.508897
syntactic 0.6338524 -1.4421397 -0.43634188 1.1271513 0.5141028
syntactical 0.40479976 -1.2589012 0.801734 -0.019467523 0.52725804
syntax 1.2545911 -3.9393878 -1.9672586 4.881914 -2.6984885
syntaxcapturing 2.6185877 -0.14548278 -3.9749746 0.0531863 -2.3468819
synthetic 0.33476564 -1.4249172 0.037412953 0.9085533 -7.5938983
system 0.24889126 1.1337879 -1.0745488 2.10189 0.37076548
systematic -0.75215304 -1.4149299 -0.23686658 1.2089716 0.14229953
tagging -4.326197 -2.597389 2.5563474 -1.7406962 2.987312
targeted -4.7100363 -4.1878366 0.2233856 2.5355265 0.8821166
tasks 0.5341272 -0.70103836 -0.8030671 0.10833523 -0.42358592
taxonomic 1.7346218 -5.932645 -2.0211744 3.21279 -9.392527
technique 0.93069273 -1.165523 -0.7285553 -1.4838787 -5.9078145
techniques -1.2393919 -3.5857785 -1.842106 4.5047593 0.22426184
technologies -4.359116 1.9840443 3.1347613 5.2882667 4.0947084
temporal 2.6110108 0.22840671 0.94457865 1.4558569 -5.3310323
tensorflow 7.2641068 2.1357658 -4.370943 -3.6230655 1.4956257
term -0.6959292 -2.6668246 -0.7123012 9.710338 -0.8832715
testing 2.5415704 -3.1360044 6.4364257 -2.507011 -1.5463147
text 0.34955418 -1.7560158 -0.32413277 0.53114384 0.83801925
texttotext 0.19219579 -3.5101578 -2.536338 1.9284996 0.74856794
their 1.139942 2.0507646 -0.23073895 -1.4893395 -3.8526053
thermography -4.747518 0.3011721 2.7179418 5.064216 2.3599663
thinfilm -0.92386127 0.3137418 3.2225928 2.0898497 1.848623
three 0.26046813 0.15782243 -1.0090209 -0.40281385 -0.37373167
through -1.9720699 -0.70064944 -0.45892105 -2.133471 1.6033213
ticket -4.168903 -2.6299114 1.1340613 -2.1303966 -6.608894
tlms -0.84841335 -5.1745105 1.0916455 4.6836786 -1.4600843
to -0.31590918 0.95927304 9.003501 -2.5255585 -0.41800496
toolboxes 1.5368571 3.577996 -3.024096 2.5739746 3.0374904
topic 1.7302576 -5.703368 2.375209 1.253352 1.1109366
training 0.78890246 0.41437873 0.1456495 -0.43899897 -0.38259855
transcends 2.7081623 5.165617 0.37010792 -6.376894 0.89109373
transformer 0.054126985 -0.48543125 -0.7670529 0.6901495 0.06677024
transformerbased -6.1238627 -2.9296272 -1.2127442 3.5077233 1.4985071
transformers 0.25854796 -1.1254854 -0.7963575 -0.05564155 -0.34926018
transforming -0.57058305 -3.4732645 6.20755 -4.38581 -0.34332365
translation -0.5662225 -0.88970983 -0.8142335 0.063557215 -3.7382884
tree 1.6715791 -4.4486623 -2.3828259 3.6516593 -8.154374
trees 1.6169055 -5.2775245 -2.3831782 2.9026124 -8.538909
truth -2.1445594 5.202173 2.7960246 -6.1458287 -0.3520302
twitter -0.2208046 -1.2553878 -0.0604794 -0.6922081 1.5101085
underline 0.83443743 -2.8811417 -0.37408987 2.970099 1.1023892
understanding -3.314563 -1.6710317 -0.87284005 1.6747255 -0.176856
undertrained -2.2130861 -2.3409257 -1.5161363 -2.2586553 -2.1291285
unet -4.4286714 -0.071094714 -3.127735 2.7653062 0.034901943
union 5.059005 1.3239863 1.8475428 -0.76204515 2.161218
unlabeled -0.368276 0.3550344 -0.997164 1.3975221 0.16851048
unstructured 0.84779114 -7.8245854 0.69369256 -0.25689745 1.3455511
unsupervised -2.8716743 -2.5799315 0.94691896 1.0977744 0.740187
upsampling 1.714294 3.211099 1.2250782 0.56300664 -4.1547213
urban 0.9841782 4.0701585 1.3529524 3.3685 1.0349722
usage 1.0663742 -0.47643167 0.9002874 -0.8737791 1.3386476
used -5.5509787 -1.2902346 0.231873 -2.0319974 1.5672135
utilize -1.1683643 0.1849346 -0.7445573 0.40199956 0.22596546
utterances -2.7730777 -3.6985495 -1.5101424 1.7374967 1.2808588
vaihingen 0.39967403 6.6902847 -5.1147304 -2.2366636 5.158477
vanishing -3.86236 -1.2858242 -0.45027068 1.0096015 -5.6281457
vector 0.849273 -2.3185165 0.07224269 -0.33795536 1.0078022
vectorization 1.4637953 -1.4474643 0.41863474 -0.28767696 -0.5224547
vectors -0.5844372 -0.7020374 1.2266662 -2.2090359 -0.4858735
vessel -0.41701785 0.9505688 -4.929247 6.403337 1.7086581
vessels 1.5365412 4.18008 -5.225955 2.5718236 4.6920843
video 2.0782878 0.5860909 0.21663713 1.2575159 -1.6184804
view -4.8432183 2.444832 2.5416653 1.9948509 0.21243024
vision 1.0451369 0.78668094 -0.7422669 3.9325137 -1.0115153
visual -2.0893219 -0.0038958136 -0.0008066785 1.5575912 1.6493076
voc 0.62959987 1.8041162 -6.3005247 -2.0082703 3.0078356
vocabulary -0.56781304 -1.7797577 3.0718164 -3.3796918 -0.58106923
wasserstein 0.31028917 1.6531336 2.7756393 -0.9051827 -1.890073
we -0.034091607 0.10717527 -1.2917781 -0.7134425 0.66176736
weak -0.45132712 4.1416802 3.3945308 0.051149998 -4.0189857
weakly 0.12981144 2.661453 1.3888324 2.3652146 -0.81633526
weaklylabeled -0.850352 3.0278401 -1.4489399 3.9327605 -7.73588
weaklysupervised 0.3658307 1.0205066 0.40607285 1.7504047 -0.099848755
wellcalibrated -0.87157893 3.0096552 -1.4325546 3.938924 -7.8634276
with -0.048787788 0.62015575 -1.1171085 -0.35331953 -0.4320146
wmt -1.8984187 -2.4184043 -2.0333054 0.6001346 -9.361631
word -0.46913683 -0.88772595 1.146706 -0.6482652 1.1511823
wordincontext -2.2973428 -2.1194508 1.8371186 0.8255544 2.6498234
wordnet 1.0044855 -5.430523 -2.0099163 1.3305395 -6.9456773
words -1.9867553 -2.67423 0.86254185 -2.7152982 1.1139605
workings -3.39871 -2.5417142 -0.8145031 1.2364504 1.2387606
xlnet -3.3290248 -1.8556453 -3.000834 1.4016578 -1.2977673
xs 5.7440605 2.5621662 -4.7216845 1.249307 2.2630994
yield 0.5830086 1.5998446 6.4593544 1.0984 0.58541405
